700
0
33.7090492249
46.205496788
63.6327981949
81.1186790466
98.4745502472
110.190439224
123.15518856
135.127925873
152.468276024
170.329499245
188.142490387
199.903106689
212.434601784
224.114108086
235.795617104
249.768400192
261.685061455
273.97005558
286.34750843
298.505163193
314.640879631
329.676771164
353.055477142
370.956587791
385.476613045
400.236129761
412.433671951
424.682950974
442.103075981
454.787111282
470.659637451
483.180451393
500.479578972
512.412595749
524.850797653
539.772033691
552.145147324
564.265084267
581.402492523
594.985246658
610.230588913
622.418951988
640.270328522
654.142308235
669.822239876
681.693506241
0
13.3238230581
34.6743910429
51.3318922725
64.9185183572
84.1352637014
97.1334868771
109.936785708
123.85064512
137.193706521
149.999183278
167.530577168
181.004495601
193.69599425
206.547207446
225.288983508
238.78958153
252.644818443
271.286046938
284.498977282
297.347105083
310.44896122
324.070615609
337.039799776
355.653622707
381.300511994
394.216518477
407.290787556
420.018040484
437.222745529
453.328324104
468.803574702
482.113967219
494.92107742
513.371918916
529.258252977
545.436973555
563.917580034
581.715225334
599.679844932
614.347448106
627.312820904
640.429015051
653.568077418
666.633090313
679.927511375
693.521760199
0
17.8934090843
35.2384487556
47.952507875
65.130166848
81.240473134
97.6267685386
114.137138752
131.787038135
149.307191699
162.786665223
175.233843209
187.828123738
199.897749984
212.295951071
224.404415139
236.850218334
248.89887903
265.747963162
282.140101425
296.233590591
312.043333385
329.771767654
346.469624871
363.010927863
379.53624892
396.524530552
409.126716125
425.585875406
440.096785225
456.446304994
473.91456023
490.357909425
506.937362843
523.235156133
540.903787031
557.832093444
574.803705747
589.676357219
607.513743605
623.840235639
640.475196208
657.189550908
673.284047107
689.950799698
0
11.7474317551
23.9331245422
35.7378005981
47.7527618408
62.082362175
74.4346141815
88.0629301071
104.566144943
119.263243675
135.444521904
148.559641838
160.353302956
172.337222099
184.389233589
196.569919586
208.933353424
221.010398865
232.908201218
244.911813736
256.711816788
271.581816673
284.155201912
300.656414032
317.432498932
333.317708969
349.898529053
365.022039413
381.917953491
398.102736473
414.111614227
431.444454193
443.208575249
459.510850906
475.69630146
490.081310272
505.425286293
522.201538086
538.635325432
554.60164547
571.015238762
582.700419426
599.242019653
615.395927429
630.809998512
643.218827248
654.969763756
667.084026337
679.429101944
691.332745552
0
14.0245199203
30.7698965073
46.2560653687
60.3974103928
72.2589969635
84.8120212555
97.162103653
109.508681297
121.399641037
138.503503799
150.628781319
162.596678734
174.584937096
189.831614494
206.790614128
223.801183701
239.505815506
255.039381981
266.713380814
280.581688881
296.915507317
312.761497498
329.882717133
346.136760712
362.180685997
377.767658234
398.534488678
414.742970467
430.996346474
447.271418571
463.694024086
480.711102486
496.582794189
512.674450874
527.219009399
543.590712547
555.966663361
567.863130569
580.261611938
592.339992523
604.744815826
617.044496536
629.041099548
641.414880753
653.476572037
665.317130089
677.476119995
689.373421669
0
17.6043748856
31.0983419418
47.9038000107
61.9193077087
75.2794265747
87.2039318085
99.2621183395
111.36302948
123.320412636
135.100722313
147.48301506
159.670042992
171.828365326
183.610010147
198.518061638
214.08033371
230.107569695
241.918754578
270.77755928
287.492895126
303.664326668
319.681048393
338.797974586
350.866007805
362.838745117
379.703116417
398.449206352
415.042042732
431.116843224
446.789097786
463.879609108
480.883336067
496.372175217
512.276244164
528.070998192
539.743494987
556.150078773
572.142267227
588.173675537
604.016160965
621.110844612
636.596179008
652.096199989
668.142461777
685.331606865
0
18.768453598
32.096362114
47.3417043686
59.3383073807
75.5264282227
