700
0
14.6245002747
45.9004163742
59.6512317657
76.7152070999
89.0057086945
105.946516991
118.192958832
137.224602699
150.686359406
162.358021736
178.813672066
196.004319191
207.999420166
224.983620644
241.933441162
259.065842628
276.205420494
292.565774918
308.921289444
325.753450394
342.605304718
359.067797661
374.615550041
396.426129341
413.217735291
430.024862289
444.416713715
456.645798683
468.312621117
484.95452404
501.234436035
516.269659996
528.845882416
540.650725365
557.460522652
574.015474319
586.87942028
604.123139381
621.0324049
637.317156792
649.372506142
664.989519119
676.814055443
693.63219738
0
14.3177509308
36.6400241852
53.3573627472
70.1881885529
84.1182470322
100.251793861
117.097973824
133.481526375
149.216866493
164.752602577
181.292867661
197.411060333
213.665103912
225.58760643
237.632441521
249.787259102
266.057324409
282.723593712
294.391918182
306.461286545
323.476195335
339.984250069
356.224274635
372.862672806
387.400221825
403.902769089
420.557188988
437.247991562
449.378275871
461.097669601
473.140501976
489.381861687
505.649089813
517.871832848
529.885292053
542.153429985
558.48441124
575.27384758
592.210483551
604.129314423
615.886592865
633.038687706
649.190425873
660.880446434
673.065972328
685.017180443
0
16.4758443832
36.4265680313
53.1313896179
69.9915885925
84.1820001602
100.905013084
117.259025574
133.89108181
145.632839203
157.870936394
169.732522964
186.116743088
201.553010941
213.229846954
230.321025848
246.338415146
262.987160683
276.908040047
293.148732185
310.293149948
326.667523384
343.233156204
360.362052917
372.553920746
387.132191658
403.671789169
417.681622505
433.848714828
450.813221931
467.508196831
483.554458618
500.738596916
512.58482933
529.329538345
545.62330246
557.44433403
574.027323723
590.999507904
607.706999779
624.82354641
636.502218246
653.436684608
670.005655289
686.396217346
698.737120628
0
27.3370742798
43.6281681061
59.5854759216
71.2851762772
88.0978107452
104.480528831
121.237921715
133.340167999
150.420165062
166.918540001
183.563113213
199.697494507
216.56036377
233.366656303
249.629044533
266.261100769
277.948951721
294.336009026
310.630607605
326.347756386
342.232131958
359.008383751
377.670359612
394.594979286
411.520934105
428.367114067
445.104813576
457.232260704
468.950986862
485.757946968
502.401852608
518.32344532
535.537791252
552.248954773
569.11816597
583.12933445
598.91307354
610.864782333
622.626900673
639.318370819
653.816866875
668.951559067
681.137084961
697.997283936
0
13.3420944214
30.4639816284
47.1786499023
63.3382320404
79.1077852249
95.2888965607
107.180523872
123.650860786
139.804768562
151.971435547
163.808488846
176.120018959
188.074731827
205.131530762
216.986775398
228.985381126
240.723133087
257.569313049
274.289488792
290.460085869
306.248664856
322.579646111
338.848376274
363.962268829
380.553603172
397.170972824
413.687539101
430.864834785
447.50790596
464.251279831
481.079268456
492.95270443
504.654574394
521.049308777
537.740111351
554.135513306
570.704483986
582.857131958
599.865698814
616.358399391
632.915520668
644.726705551
661.839580536
677.961277962
694.386720657
0
16.5229082108
33.3458900452
50.0557184219
66.5911436081
78.3734560013
95.4604625702
111.74955368
123.678231239
139.277052879
151.441550255
163.160276413
179.370927811
193.757939339
209.61227417
221.386909485
238.237428665
254.21693325
268.816232681
285.951471329
302.981066704
319.804215431
333.958911896
350.582456589
366.820311546
383.679175377
399.190545082
418.2710886
434.684681892
451.353120804
467.287230492
484.222197533
501.140642166
517.292380333
534.13438797
550.392603874
563.205313683
580.286812782
596.693396568
612.610650063
626.816415787
643.913269043
660.737085342
676.828742027
0
16.9434785843
33.6377859116
50.3117322922
66.2982463837
82.5998544693
94.2975521088
111.299943924
128.164982796
141.327166557
153.549075127
170.353364944
186.647295952
206.646251678
223.346066475
240.216779709
256.729841232
273.099374771
289.925193787
337.39156723
356.419706345
372.68910408
387.673425674
403.737044334
420.535492897
434.523630142
451.122808456
462.795305252
479.680037498
495.648360252
509.404683113
521.099042892
532.870173454
549.257898331
565.429997444
579.654622078
591.474151611
603.263640404
619.538545609
636.393237114
649.97882843
666.731214523
683.409333229
699.742484093
0
17.2557353973
29.3426275253
41.4260149002
57.7983856201
71.1705207825
86.8875026703
98.7028598785
115.365624428
131.492996216
146.650719643
158.588576317
170.698666573
187.102413177
203.772187233
215.687513351
232.794880867
249.18961525
265.251064301
281.38461113
297.730445862
309.407782555
325.661158562
341.996979713
356.215429306
367.94667244
379.938435555
396.259570122
413.172340393
428.151655197
445.385527611
461.757230759
478.562855721
490.897417068
507.680010796
519.47851181
536.83154583
553.204417229
